0.0000 0.0000 0.0000
33.5280 33.5280 33.5280
33.5280 31.2928 33.5280
31.2928 33.5280 33.5280
31.2928 33.5280 29.0576
33.5280 33.5280 33.5280
33.5280 26.8224 33.5280
33.5280 33.5280 33.5280
29.0576 33.5280 33.5280
33.5280 33.5280 33.5280
33.5280 33.5280 33.5280
33.5280 33.5280 33.5280
24.5872 33.5280 33.5280
33.5280 33.5280 33.5280
33.5280 31.2928 33.5280
29.0576 33.5280 33.5280
33.5280 31.2928 29.0576
33.5280 33.5280 20.1168
33.5280 20.1168 33.5280
33.5280 33.5280 31.2928
33.5280 33.5280 33.5280
33.5280 33.5280 31.2928
33.5280 33.5280 29.0576
33.5280 33.5280 33.5280
33.5280 33.5280 33.5280
33.5280 33.5280 31.2928
33.5280 33.5280 31.2928
33.5280 33.5280 33.5280
31.2928 33.5280 33.5280
33.5280 26.8224 33.5280
33.5280 33.5280 29.0576
33.5280 26.8224 33.5280
33.5280 24.5872 33.5280
33.5280 33.5280 24.5872
31.2928 29.0576 33.5280
33.5280 31.2928 33.5280
33.5280 33.5280 33.5280
33.5280 33.5280 31.2928
31.2928 33.5280 33.5280
33.5280 33.5280 33.5280
31.2928 33.5280 33.5280
33.5280 33.5280 33.5280
31.2928 31.2928 33.5280
33.5280 33.5280 33.5280
33.5280 33.5280 31.2928
33.5280 33.5280 26.8224
33.5280 33.5280 33.5280
33.5280 31.2928 33.5280
33.5280 33.5280 33.5280
33.5280 33.5280 33.5280
31.2928 33.5280 31.2928
33.5280 33.5280 31.2928
33.5280 22.3520 33.5280
33.5280 33.5280 31.2928
24.5872 24.5872 33.5280
33.5280 33.5280 31.2928
33.5280 33.5280 33.5280
26.8224 24.5872 33.5280
33.5280 33.5280 33.5280
33.5280 33.5280 33.5280
33.5280 33.5280 33.5280
33.5280 33.5280 33.5280
33.5280 33.5280 31.2928
33.5280 33.5280 33.5280
33.5280 33.5280 33.5280
33.5280 33.5280 33.5280
33.5280 33.5280 26.8224
33.5280 24.5872 31.2928
33.5280 31.2928 29.0576
33.5280 33.5280 17.8816
33.5280 22.3520 31.2928
33.5280 33.5280 33.5280
33.5280 33.5280 22.3520
33.5280 31.2928 33.5280
33.5280 33.5280 33.5280
33.5280 33.5280 31.2928
31.2928 33.5280 31.2928
33.5280 33.5280 33.5280
33.5280 33.5280 24.5872
33.5280 33.5280 33.5280
33.5280 33.5280 33.5280
33.5280 26.8224 33.5280
33.5280 31.2928 33.5280
33.5280 33.5280 33.5280
33.5280 33.5280 33.5280
33.5280 33.5280 33.5280
33.5280 33.5280 33.5280
33.5280 33.5280 33.5280
29.0576 33.5280 33.5280
31.2928 33.5280 33.5280
33.5280 33.5280 33.5280
33.5280 22.3520 20.1168
33.5280 31.2928 33.5280
33.5280 33.5280 33.5280
31.2928 29.0576 31.2928
33.5280 33.5280 33.5280
31.2928 24.5872 33.5280
31.2928 31.2928 33.5280
33.5280 33.5280 33.5280
33.5280 31.2928 33.5280
33.5280 33.5280 31.2928
33.5280 33.5280 33.5280
31.2928 33.5280 33.5280
29.0576 33.5280 33.5280
33.5280 31.2928 33.5280
33.5280 31.2928 20.1168
31.2928 33.5280 33.5280
33.5280 33.5280 29.0576
33.5280 33.5280 33.5280
22.3520 33.5280 33.5280
33.5280 31.2928 33.5280
33.5280 33.5280 33.5280
33.5280 33.5280 33.5280
33.5280 33.5280 31.2928
33.5280 31.2928 20.1168
33.5280 33.5280 31.2928
33.5280 17.8816 33.5280
33.5280 33.5280 33.5280
33.5280 33.5280 33.5280
31.2928 33.5280 33.5280
