30 30 30
31.2928 33.5280 33.5280
33.5280 33.5280 33.5280
26.8224 33.5280 24.5872
33.5280 33.5280 33.5280
31.2928 29.0576 31.2928
20.1168 33.5280 33.5280
24.5872 33.5280 17.8816
24.5872 33.5280 33.5280
33.5280 33.5280 31.2928
33.5280 33.5280 33.5280
31.2928 33.5280 33.5280
33.5280 33.5280 33.5280
33.5280 29.0576 33.5280
33.5280 33.5280 29.0576
31.2928 31.2928 31.2928
33.5280 33.5280 33.5280
33.5280 33.5280 31.2928
33.5280 33.5280 29.0576
33.5280 33.5280 33.5280
33.5280 31.2928 33.5280
33.5280 33.5280 29.0576
33.5280 33.5280 20.1168
33.5280 33.5280 33.5280
26.8224 33.5280 33.5280
33.5280 33.5280 33.5280
31.2928 33.5280 33.5280
33.5280 33.5280 31.2928
33.5280 33.5280 33.5280
26.8224 33.5280 33.5280
33.5280 33.5280 31.2928
33.5280 33.5280 31.2928
31.2928 33.5280 33.5280
33.5280 33.5280 31.2928
26.8224 33.5280 33.5280
33.5280 33.5280 33.5280
33.5280 33.5280 33.5280
33.5280 31.2928 33.5280
33.5280 31.2928 31.2928
33.5280 31.2928 29.0576
33.5280 31.2928 31.2928
31.2928 31.2928 33.5280
33.5280 26.8224 33.5280
33.5280 33.5280 33.5280
33.5280 33.5280 33.5280
33.5280 33.5280 33.5280
33.5280 33.5280 33.5280
33.5280 33.5280 33.5280
29.0576 33.5280 33.5280
33.5280 33.5280 33.5280
33.5280 31.2928 33.5280
33.5280 33.5280 33.5280
33.5280 33.5280 33.5280
33.5280 33.5280 33.5280
33.5280 26.8224 33.5280
33.5280 33.5280 33.5280
33.5280 26.8224 24.5872
33.5280 33.5280 33.5280
33.5280 33.5280 33.5280
33.5280 33.5280 33.5280
33.5280 29.0576 31.2928
29.0576 33.5280 33.5280
33.5280 31.2928 33.5280
33.5280 33.5280 33.5280
33.5280 33.5280 33.5280
33.5280 24.5872 33.5280
33.5280 33.5280 33.5280
33.5280 26.8224 33.5280
29.0576 33.5280 24.5872
33.5280 33.5280 29.0576
20.1168 33.5280 31.2928
33.5280 33.5280 17.8816
33.5280 26.8224 33.5280
33.5280 33.5280 33.5280
33.5280 33.5280 33.5280
33.5280 31.2928 31.2928
33.5280 31.2928 33.5280
31.2928 33.5280 31.2928
33.5280 33.5280 31.2928
33.5280 33.5280 31.2928
29.0576 33.5280 31.2928
33.5280 33.5280 33.5280
17.8816 33.5280 26.8224
33.5280 31.2928 26.8224
33.5280 33.5280 33.5280
33.5280 24.5872 33.5280
29.0576 33.5280 33.5280
33.5280 24.5872 33.5280
33.5280 33.5280 22.3520
33.5280 29.0576 33.5280
33.5280 33.5280 33.5280
24.5872 33.5280 33.5280
33.5280 33.5280 33.5280
33.5280 33.5280 33.5280
33.5280 20.1168 33.5280
33.5280 29.0576 33.5280
29.0576 33.5280 33.5280
33.5280 33.5280 33.5280
33.5280 33.5280 33.5280
33.5280 33.5280 33.5280
29.0576 26.8224 33.5280
33.5280 26.8224 33.5280
33.5280 33.5280 33.5280
33.5280 33.5280 31.2928
33.5280 33.5280 33.5280
33.5280 31.2928 33.5280
33.5280 24.5872 33.5280
33.5280 33.5280 33.5280
17.8816 33.5280 29.0576
33.5280 26.8224 31.2928
29.0576 33.5280 26.8224
33.5280 20.1168 24.5872
33.5280 33.5280 33.5280
33.5280 31.2928 33.5280
33.5280 31.2928 33.5280
33.5280 33.5280 33.5280
33.5280 33.5280 33.5280
33.5280 31.2928 33.5280
33.5280 33.5280 33.5280
33.5280 31.2928 33.5280
