0.0000 0.0000 0.0000
26.8224 29.0576 29.0576
26.8224 33.5280 26.8224
31.2928 20.1168 33.5280
31.2928 33.5280 24.5872
29.0576 33.5280 26.8224
29.0576 33.5280 29.0576
33.5280 33.5280 31.2928
26.8224 29.0576 31.2928
26.8224 22.3520 29.0576
33.5280 33.5280 26.8224
29.0576 33.5280 29.0576
33.5280 33.5280 33.5280
31.2928 33.5280 33.5280
33.5280 33.5280 26.8224
26.8224 33.5280 31.2928
33.5280 33.5280 33.5280
33.5280 33.5280 31.2928
29.0576 31.2928 33.5280
26.8224 33.5280 26.8224
31.2928 29.0576 33.5280
20.1168 33.5280 31.2928
31.2928 33.5280 29.0576
24.5872 33.5280 33.5280
26.8224 33.5280 29.0576
26.8224 33.5280 29.0576
31.2928 31.2928 33.5280
29.0576 31.2928 33.5280
31.2928 24.5872 29.0576
26.8224 33.5280 29.0576
33.5280 33.5280 31.2928
33.5280 31.2928 29.0576
33.5280 33.5280 31.2928
33.5280 31.2928 33.5280
33.5280 33.5280 26.8224
31.2928 33.5280 33.5280
33.5280 22.3520 31.2928
33.5280 33.5280 31.2928
31.2928 33.5280 29.0576
33.5280 33.5280 31.2928
17.8816 33.5280 33.5280
33.5280 24.5872 33.5280
33.5280 31.2928 31.2928
33.5280 33.5280 26.8224
31.2928 33.5280 33.5280
33.5280 31.2928 29.0576
33.5280 33.5280 29.0576
31.2928 33.5280 33.5280
31.2928 33.5280 33.5280
33.5280 29.0576 33.5280
33.5280 33.5280 33.5280
33.5280 33.5280 33.5280
33.5280 33.5280 33.5280
33.5280 33.5280 33.5280
33.5280 31.2928 33.5280
33.5280 33.5280 33.5280
31.2928 24.5872 33.5280
33.5280 33.5280 33.5280
33.5280 29.0576 33.5280
24.5872 33.5280 33.5280
33.5280 33.5280 26.8224
31.2928 33.5280 31.2928
33.5280 31.2928 31.2928
33.5280 33.5280 33.5280
29.0576 33.5280 33.5280
29.0576 31.2928 31.2928
33.5280 33.5280 31.2928
33.5280 33.5280 31.2928
33.5280 33.5280 29.0576
33.5280 33.5280 33.5280
31.2928 33.5280 33.5280
33.5280 33.5280 33.5280
29.0576 31.2928 33.5280
29.0576 33.5280 31.2928
29.0576 29.0576 31.2928
33.5280 33.5280 33.5280
33.5280 33.5280 29.0576
33.5280 29.0576 29.0576
33.5280 33.5280 33.5280
26.8224 33.5280 33.5280
33.5280 33.5280 33.5280
29.0576 31.2928 29.0576
33.5280 33.5280 33.5280
24.5872 33.5280 29.0576
33.5280 33.5280 33.5280
33.5280 31.2928 33.5280
31.2928 29.0576 22.3520
33.5280 26.8224 33.5280
29.0576 33.5280 29.0576
31.2928 33.5280 33.5280
33.5280 33.5280 33.5280
33.5280 33.5280 33.5280
31.2928 33.5280 33.5280
33.5280 33.5280 33.5280
26.8224 33.5280 24.5872
29.0576 22.3520 33.5280
24.5872 33.5280 33.5280
31.2928 29.0576 33.5280
31.2928 33.5280 31.2928
31.2928 31.2928 33.5280
31.2928 33.5280 33.5280
33.5280 33.5280 33.5280
33.5280 33.5280 33.5280
26.8224 33.5280 33.5280
33.5280 33.5280 29.0576
31.2928 33.5280 29.0576
33.5280 33.5280 20.1168
33.5280 33.5280 33.5280
31.2928 29.0576 33.5280
33.5280 33.5280 33.5280
29.0576 33.5280 33.5280
33.5280 33.5280 33.5280
29.0576 33.5280 33.5280
26.8224 31.2928 33.5280
31.2928 33.5280 33.5280
33.5280 33.5280 33.5280
31.2928 33.5280 33.5280
31.2928 33.5280 29.0576
31.2928 33.5280 31.2928
33.5280 33.5280 29.0576
